## Kalman Filter Parameters:
KF_observer:
  calibration_duration: 5 #sec
  
  #covariance of initial state
  P0_position: 0.1
  P0_velocity: 0.1
  P0_attitude: 0.1
  P0_angular_velocity: 0.1
  P0_force: 0.1
  P0_torque: 0.1
  
  #process noise
  q_position: 0.01
  q_velocity: 0.025
  q_attitude: 0.015
  q_angular_velocity: 0.02
  q_force: 0.1
  q_torque: 0.1
  
  #measurement noise
  r_position: 0.001
  r_velocity: 0.0012
  r_attitude: 0.01
  
  #limits
  omega_limit :  [ 3.000000 ,3.000000 ,2.000000]
  external_forces_limit :  [ 5.000000 ,5.000000 ,3.0000000]      #m/s^2
  external_moments_limit :  [ 20.000000 ,20.000000 ,20.000000]  #rad/s^2

  #model from system identification (2nd order attitude model)
  #sim
  # drag_coefficients: [0.010000, 0.010000, 0.000000]
  # roll_gain: 0.986977
  # roll_damping: 0.766681
  # roll_omega: 9.704636
  # pitch_gain: 0.977906
  # pitch_damping: 0.641126
  # pitch_omega: 9.081977
  # yaw_gain: 1.000000
  # yaw_damping: 0.950000
  # yaw_omega: 5.000000

   # model from system identification (2nd order attitude model)
  drag_coefficients: [0.010000, 0.010000, 0.000000]
  roll_gain: 1.004462
  roll_damping: 0.810030
  roll_omega: 10.956694
  pitch_gain: 0.992733
  pitch_damping: 0.781608
  pitch_omega: 10.844771
  yaw_gain: 1.000000
  yaw_damping: 0.950000
  yaw_omega: 5.000000